字词频统计_语料库在线(www.cncorpus.org)
2020/8/26 2:06:55

序号		字词		出现次数		出现频率
1		,		213		6.6314
2		黄河		113		3.5181
3		工作		77		2.3973
4		山东		60		1.868
5		委		46		1.4321
6		黄		45		1.401
7		召开		43		1.3387
8		“		40		1.2453
9		”		40		1.2453
10		—		38		1.1831
11		水利部		38		1.1831
12		发展		27		0.8406
13		河务		27		0.8406
14		局		27		0.8406
15		2019		25		0.7783
16		和		25		0.7783
17		部署		24		0.7472
18		年		24		0.7472
19		在		22		0.6849
20		保护		21		0.6538
21		、		20		0.6227
22		防		20		0.6227
23		：		19		0.5915
24		防御		18		0.5604
25		新		18		0.5604
26		会议		17		0.5293
27		凌		16		0.4981
28		流域		16		0.4981
29		生态		16		0.4981
30		水利		16		0.4981
31		高		15		0.467
32		水		15		0.467
33		党组		14		0.4359
34		防汛		14		0.4359
35		质量		14		0.4359
36		的		13		0.4047
37		管理		13		0.4047
38		灾害		13		0.4047
39		，		12		0.3736
40		全河		12		0.3736
41		水旱		12		0.3736
42		推进		12		0.3736
43		习近平		12		0.3736
44		学习		12		0.3736
45		与		12		0.3736
46		工作会议		11		0.3425
47		全国		11		0.3425
48		2018		10		0.3113
49		不		10		0.3113
50		第		10		0.3113
51		精神		10		0.3113
52		年度		10		0.3113
53		心		10		0.3113
54		做好		10		0.3113
55		《		9		0.2802
56		》		9		0.2802
57		安排		9		0.2802
58		安全		9		0.2802
59		初		9		0.2802
60		河		9		0.2802
61		建设		9		0.2802
62		力		9		0.2802
63		时代		9		0.2802
64		使命		9		0.2802
65		组		9		0.2802
66		座谈会		9		0.2802
67		（		8		0.2491
68		）		8		0.2491
69		会		8		0.2491
70		记		8		0.2491
71		控		8		0.2491
72		平		8		0.2491
73		强调		8		0.2491
74		山东省		8		0.2491
75		上		8		0.2491
76		巡视		8		0.2491
77		改革		7		0.2179
78		关键		7		0.2179
79		落实		7		0.2179
80		台风		7		0.2179
81		忘		7		0.2179
82		疫情		7		0.2179
83		重点		7		0.2179
84		重要		7		0.2179
85		主题		7		0.2179
86		专题		7		0.2179
87		～		6		0.1868
88		春		6		0.1868
89		次		6		0.1868
90		鄂		6		0.1868
91		贯彻		6		0.1868
92		灌		6		0.1868
93		行动		6		0.1868
94		教育		6		0.1868
95		竟		6		0.1868
96		举办		6		0.1868
97		牢记		6		0.1868
98		领导		6		0.1868
99		期		6		0.1868
100		全面		6		0.1868
101		调研		6		0.1868
102		幸福		6		0.1868
103		2020		5		0.1557
104		党		5		0.1557
105		动员		5		0.1557
106		工会		5		0.1557
107		洪水		5		0.1557
108		积极		5		0.1557
109		基层		5		0.1557
110		基调		5		0.1557
111		纪检		5		0.1557
112		讲话		5		0.1557
113		京		5		0.1557
114		开展		5		0.1557
115		期间		5		0.1557
116		启动		5		0.1557
117		强		5		0.1557
118		全力		5		0.1557
119		确保		5		0.1557
120		任务		5		0.1557
121		审计		5		0.1557
122		水资源		5		0.1557
123		四		5		0.1557
124		调度		5		0.1557
125		统筹		5		0.1557
126		推动		5		0.1557
127		研讨		5		0.1557
128		引黄		5		0.1557
129		应急		5		0.1557
130		用		5		0.1557
131		岳中明		5		0.1557
132		郑州		5		0.1557
133		中心		5		0.1557
134		助		5		0.1557
135		专项		5		0.1557
136		总		5		0.1557
137		总书记		5		0.1557
138		！		4		0.1245
139		&quot;		4		0.1245
140		部门		4		0.1245
141		部长		4		0.1245
142		持续		4		0.1245
143		大河		4		0.1245
144		督查		4		0.1245
145		段		4		0.1245
146		对		4		0.1245
147		扶贫		4		0.1245
148		改革开放		4		0.1245
149		行		4		0.1245
150		河道		4		0.1245
151		级		4		0.1245
152		解读		4		0.1245
153		进一步		4		0.1245
154		扩大		4		0.1245
155		流		4		0.1245
156		流量		4		0.1245
157		谱写		4		0.1245
158		七		4		0.1245
159		人民		4		0.1245
160		首次		4		0.1245
161		听取		4		0.1245
162		为		4		0.1245
163		下		4		0.1245
164		响应		4		0.1245
165		小组		4		0.1245
166		汛		4		0.1245
167		战		4		0.1245
168		治理		4		0.1245
169		中国		4		0.1245
170		中央		4		0.1245
171		-		3		0.0934
172		&#183;		3		0.0934
173		Ⅳ		3		0.0934
174		八		3		0.0934
175		保障		3		0.0934
176		补		3		0.0934
177		出现		3		0.0934
178		传达		3		0.0934
179		创新		3		0.0934
180		春节		3		0.0934
181		大		3		0.0934
182		大会		3		0.0934
183		担		3		0.0934
184		单位		3		0.0934
185		到		3		0.0934
186		定点		3		0.0934
187		防洪		3		0.0934
188		工程		3		0.0934
189		关于		3		0.0934
190		规范		3		0.0934
191		规划		3		0.0934
192		国务院		3		0.0934
193		汇报		3		0.0934
194		会商		3		0.0934
195		机构		3		0.0934
196		机关		3		0.0934
197		机遇		3		0.0934
198		计划		3		0.0934
199		冀		3		0.0934
200		监察		3		0.0934
201		监管		3		0.0934
202		践		3		0.0934
203		江河		3		0.0934
204		届		3		0.0934
205		进入		3		0.0934
206		经济		3		0.0934
207		九		3		0.0934
208		局面		3		0.0934
209		举行		3		0.0934
210		聚		3		0.0934
211		抗旱		3		0.0934
212		考察		3		0.0934
213		利		3		0.0934
214		六		3		0.0934
215		乱		3		0.0934
216		马		3		0.0934
217		努力		3		0.0934
218		平稳		3		0.0934
219		奇		3		0.0934
220		抢		3		0.0934
221		清		3		0.0934
222		情		3		0.0934
223		入		3		0.0934
224		陕西		3		0.0934
225		商会		3		0.0934
226		生产		3		0.0934
227		湾		3		0.0934
228		完成		3		0.0934
229		万		3		0.0934
230		委员会		3		0.0934
231		问题		3		0.0934
232		下游		3		0.0934
233		向		3		0.0934
234		新篇章		3		0.0934
235		形势		3		0.0934
236		汛期		3		0.0934
237		援藏		3		0.0934
238		再		3		0.0934
239		长		3		0.0934
240		之		3		0.0934
241		职工		3		0.0934
242		制		3		0.0934
243		周		3		0.0934
244		主持		3		0.0934
245		抓		3		0.0934
246		最大		3		0.0934
247		作为		3		0.0934
248		？		2		0.0623
249		+		2		0.0623
250		14		2		0.0623
251		20		2		0.0623
252		3		2		0.0623
253		40		2		0.0623
254		板		2		0.0623
255		本		2		0.0623
256		编制		2		0.0623
257		表彰		2		0.0623
258		并		2		0.0623
259		不误		2		0.0623
260		步		2		0.0623
261		成立		2		0.0623
262		创作		2		0.0623
263		春天		2		0.0623
264		大合唱		2		0.0623
265		大赛		2		0.0623
266		地区		2		0.0623
267		第一次		2		0.0623
268		东		2		0.0623
269		短		2		0.0623
270		断流		2		0.0623
271		对话		2		0.0623
272		而		2		0.0623
273		防范		2		0.0623
274		防总		2		0.0623
275		访		2		0.0623
276		放		2		0.0623
277		肺炎		2		0.0623
278		奋进		2		0.0623
279		奋力		2		0.0623
280		封河		2		0.0623
281		逢		2		0.0623
282		赴		2		0.0623
283		复		2		0.0623
284		干部		2		0.0623
285		高度		2		0.0623
286		个		2		0.0623
287		各项		2		0.0623
288		工		2		0.0623
289		攻坚		2		0.0623
290		冠		2		0.0623
291		国家		2		0.0623
292		海燕		2		0.0623
293		毫不		2		0.0623
294		河段		2		0.0623
295		河南		2		0.0623
296		狠抓		2		0.0623
297		互联网		2		0.0623
298		活动		2		0.0623
299		获		2		0.0623
300		急调		2		0.0623
301		集体		2		0.0623
302		集中		2		0.0623
303		技术		2		0.0623
304		继续		2		0.0623
305		加大		2		0.0623
306		加强		2		0.0623
307		坚定不移		2		0.0623
308		建议		2		0.0623
309		降雨		2		0.0623
310		节约		2		0.0623
311		今年		2		0.0623
312		静悄悄		2		0.0623
313		局长		2		0.0623
314		聚焦		2		0.0623
315		开创		2		0.0623
316		开河		2		0.0623
317		开启		2		0.0623
318		开闸		2		0.0623
319		抗击		2		0.0623
320		科长		2		0.0623
321		李		2		0.0623
322		力量		2		0.0623
323		玲		2		0.0623
324		码		2		0.0623
325		母亲		2		0.0623
326		凝聚		2		0.0623
327		农时		2		0.0623
328		培训班		2		0.0623
329		篇		2		0.0623
330		评选		2		0.0623
331		齐鲁		2		0.0623
332		其		2		0.0623
333		强化		2		0.0623
334		庆祝		2		0.0623
335		取得		2		0.0623
336		全		2		0.0623
337		人才		2		0.0623
338		人民日报		2		0.0623
339		认真		2		0.0623
340		日		2		0.0623
341		日前		2		0.0623
342		三轮		2		0.0623
343		扫		2		0.0623
344		上新台阶		2		0.0623
345		深度		2		0.0623
346		十九		2		0.0623
347		实施		2		0.0623
348		实现		2		0.0623
349		视频		2		0.0623
350		书记		2		0.0623
351		水库		2		0.0623
352		水位		2		0.0623
353		四十		2		0.0623
354		四中全会		2		0.0623
355		提升		2		0.0623
356		调		2		0.0623
357		脱贫		2		0.0623
358		网络		2		0.0623
359		我		2		0.0623
360		务		2		0.0623
361		下泄		2		0.0623
362		先锋		2		0.0623
363		先进		2		0.0623
364		现场		2		0.0623
365		项目		2		0.0623
366		小浪底		2		0.0623
367		携手		2		0.0623
368		写		2		0.0623
369		信息化		2		0.0623
370		修订		2		0.0623
371		研究		2		0.0623
372		研判		2		0.0623
373		研讨会		2		0.0623
374		演练		2		0.0623
375		要求		2		0.0623
376		一		2		0.0623
377		意见		2		0.0623
378		印发		2		0.0623
379		应		2		0.0623
380		应对		2		0.0623
381		映		2		0.0623
382		勇		2		0.0623
383		渔业		2		0.0623
384		原		2		0.0623
385		缘何		2		0.0623
386		扎实		2		0.0623
387		闸		2		0.0623
388		张		2		0.0623
389		针对性		2		0.0623
390		整改		2		0.0623
391		政治		2		0.0623
392		支援		2		0.0623
393		治黄		2		0.0623
394		周年		2		0.0623
395		主动		2		0.0623
396		驻		2		0.0623
397		抓好		2		0.0623
398		专家		2		0.0623
399		准备		2		0.0623
400		资源		2		0.0623
401		淄博		2		0.0623
402		综合		2		0.0623
403		综述		2		0.0623
404		组长		2		0.0623
405		.		1		0.0311
406		/w		1		0.0311
407		[		1		0.0311
408		]		1		0.0311
409		1		1		0.0311
410		122		1		0.0311
411		1770		1		0.0311
412		4		1		0.0311
413		450		1		0.0311
414		6		1		0.0311
415		7		1		0.0311
416		8000		1		0.0311
417		9		1		0.0311
418		98		1		0.0311
419		Ⅲ		1		0.0311
420		爱		1		0.0311
421		安		1		0.0311
422		安度		1		0.0311
423		按照		1		0.0311
424		把握		1		0.0311
425		班坝		1		0.0311
426		班组		1		0.0311
427		办		1		0.0311
428		办案		1		0.0311
429		办法		1		0.0311
430		帮扶		1		0.0311
431		保		1		0.0311
432		报道		1		0.0311
433		报告会		1		0.0311
434		备忘录		1		0.0311
435		备战		1		0.0311
436		比赛		1		0.0311
437		毕华威		1		0.0311
438		闭幕		1		0.0311
439		变		1		0.0311
440		标准		1		0.0311
441		标准化		1		0.0311
442		表扬		1		0.0311
443		滨州		1		0.0311
444		并举		1		0.0311
445		渤海湾		1		0.0311
446		补水		1		0.0311
447		不负		1		0.0311
448		不折不扣		1		0.0311
449		布局		1		0.0311
450		才		1		0.0311
451		财经		1		0.0311
452		财务		1		0.0311
453		采砂		1		0.0311
454		侧记		1		0.0311
455		策		1		0.0311
456		层次		1		0.0311
457		产		1		0.0311
458		畅		1		0.0311
459		倡议		1		0.0311
460		唱响		1		0.0311
461		超越		1		0.0311
462		潮涌		1		0.0311
463		陈		1		0.0311
464		成果		1		0.0311
465		成绩		1		0.0311
466		成为		1		0.0311
467		成员		1		0.0311
468		成长		1		0.0311
469		乘势		1		0.0311
470		程序		1		0.0311
471		筹措		1		0.0311
472		出发		1		0.0311
473		出台		1		0.0311
474		初步		1		0.0311
475		处		1		0.0311
476		传输		1		0.0311
477		创建		1		0.0311
478		春秋		1		0.0311
479		从严		1		0.0311
480		崔存勇		1		0.0311
481		措		1		0.0311
482		措施		1		0.0311
483		答		1		0.0311
484		打		1		0.0311
485		打赢		1		0.0311
486		打造		1		0.0311
487		大桥		1		0.0311
488		大汶河		1		0.0311
489		大型		1		0.0311
490		大禹		1		0.0311
491		代表大会		1		0.0311
492		担当		1		0.0311
493		当前		1		0.0311
494		党费		1		0.0311
495		党风		1		0.0311
496		党纪		1		0.0311
497		党建		1		0.0311
498		党课		1		0.0311
499		党支部		1		0.0311
500		道义		1		0.0311
501		得		1		0.0311
502		砥砺		1		0.0311
503		第二		1		0.0311
504		第一		1		0.0311
505		点		1		0.0311
506		淀		1		0.0311
507		丁字		1		0.0311
508		定		1		0.0311
509		定位		1		0.0311
510		东平湖		1		0.0311
511		动		1		0.0311
512		督导		1		0.0311
513		度汛		1		0.0311
514		段长		1		0.0311
515		对接		1		0.0311
516		对口		1		0.0311
517		多		1		0.0311
518		多样性		1		0.0311
519		夺		1		0.0311
520		发表		1		0.0311
521		发布		1		0.0311
522		发出		1		0.0311
523		发挥		1		0.0311
524		反馈		1		0.0311
525		返		1		0.0311
526		范例		1		0.0311
527		范围		1		0.0311
528		方案		1		0.0311
529		方向		1		0.0311
530		防凌会		1		0.0311
531		防线		1		0.0311
532		防汛抗洪		1		0.0311
533		防疫		1		0.0311
534		放松		1		0.0311
535		分级		1		0.0311
536		分类		1		0.0311
537		服		1		0.0311
538		服务		1		0.0311
539		付费		1		0.0311
540		负心		1		0.0311
541		复工		1		0.0311
542		副		1		0.0311
543		干流		1		0.0311
544		刚性		1		0.0311
545		纲要		1		0.0311
546		岗		1		0.0311
547		高起点		1		0.0311
548		高效能		1		0.0311
549		葛应轩		1		0.0311
550		工人		1		0.0311
551		工业		1		0.0311
552		公布		1		0.0311
553		攻坚战		1		0.0311
554		共		1		0.0311
555		共和国		1		0.0311
556		共同		1		0.0311
557		顾问		1		0.0311
558		关爱		1		0.0311
559		观摩		1		0.0311
560		官		1		0.0311
561		官僚主义		1		0.0311
562		管		1		0.0311
563		管科		1		0.0311
564		管理局		1		0.0311
565		灌溉		1		0.0311
566		灌区		1		0.0311
567		规		1		0.0311
568		规矩		1		0.0311
569		过程		1		0.0311
570		旱情		1		0.0311
571		捍		1		0.0311
572		号		1		0.0311
573		号召		1		0.0311
574		合作		1		0.0311
575		河湖		1		0.0311
576		河流		1		0.0311
577		河长制湖		1		0.0311
578		菏泽		1		0.0311
579		划拨		1		0.0311
580		欢歌		1		0.0311
581		欢颜		1		0.0311
582		黄春		1		0.0311
583		黄河水		1		0.0311
584		回眸		1		0.0311
585		惠		1		0.0311
586		获得者		1		0.0311
587		机制		1		0.0311
588		及		1		0.0311
589		集思广益		1		0.0311
590		记者		1		0.0311
591		纪律		1		0.0311
592		纪实		1		0.0311
593		纪委		1		0.0311
594		技师		1		0.0311
595		济		1		0.0311
596		济南		1		0.0311
597		既定		1		0.0311
598		绩效		1		0.0311
599		暨		1		0.0311
600		加快		1		0.0311
601		嘉奖		1		0.0311
602		坚持		1		0.0311
603		坚决		1		0.0311
604		监测		1		0.0311
605		见		1		0.0311
606		件		1		0.0311
607		将		1		0.0311
608		讲		1		0.0311
609		奖		1		0.0311
610		奖章		1		0.0311
611		降至		1		0.0311
612		交流		1		0.0311
613		交流会		1		0.0311
614		胶东		1		0.0311
615		阶段		1		0.0311
616		揭晓		1		0.0311
617		节水		1		0.0311
618		金堤河		1		0.0311
619		进行		1		0.0311
620		近期		1		0.0311
621		禁止		1		0.0311
622		经验		1		0.0311
623		警惕		1		0.0311
624		竞赛		1		0.0311
625		救灾		1		0.0311
626		就		1		0.0311
627		就绪		1		0.0311
628		具有		1		0.0311
629		开		1		0.0311
630		开始		1		0.0311
631		开通		1		0.0311
632		看		1		0.0311
633		看望		1		0.0311
634		考核		1		0.0311
635		科		1		0.0311
636		科学		1		0.0311
637		可		1		0.0311
638		口		1		0.0311
639		库		1		0.0311
640		啦		1		0.0311
641		来		1		0.0311
642		莱州		1		0.0311
643		劳动		1		0.0311
644		劳动模范		1		0.0311
645		劳模		1		0.0311
646		牢		1		0.0311
647		了		1		0.0311
648		了解		1		0.0311
649		累计		1		0.0311
650		李群		1		0.0311
651		李兆忠		1		0.0311
652		历史		1		0.0311
653		立方米		1		0.0311
654		立项		1		0.0311
655		利剑		1		0.0311
656		连续		1		0.0311
657		联合		1		0.0311
658		联合国		1		0.0311
659		联席会议		1		0.0311
660		联系		1		0.0311
661		廉政建设		1		0.0311
662		谅解		1		0.0311
663		聊城		1		0.0311
664		瞭		1		0.0311
665		领导班子		1		0.0311
666		刘九杰		1		0.0311
667		龙门		1		0.0311
668		路线图		1		0.0311
669		掠影		1		0.0311
670		轮		1		0.0311
671		论述		1		0.0311
672		论坛		1		0.0311
673		履		1		0.0311
674		绿色		1		0.0311
675		马汉平		1		0.0311
676		迈出		1		0.0311
677		明		1		0.0311
678		明确		1		0.0311
679		模范		1		0.0311
680		模拟		1		0.0311
681		模式		1		0.0311
682		谋		1		0.0311
683		亩		1		0.0311
684		目标		1		0.0311
685		纳入		1		0.0311
686		内		1		0.0311
687		内蒙古		1		0.0311
688		内容		1		0.0311
689		能力		1		0.0311
690		聂根华		1		0.0311
691		凝		1		0.0311
692		农村		1		0.0311
693		农田		1		0.0311
694		欧盟		1		0.0311
695		派驻		1		0.0311
696		庞		1		0.0311
697		配合		1		0.0311
698		批		1		0.0311
699		批示		1		0.0311
700		篇章		1		0.0311
701		拼		1		0.0311
702		平安		1		0.0311
703		平台		1		0.0311
704		普法		1		0.0311
705		谱		1		0.0311
706		七五		1		0.0311
707		企业		1		0.0311
708		起		1		0.0311
709		起点		1		0.0311
710		迁入		1		0.0311
711		签署		1		0.0311
712		前		1		0.0311
713		前进		1		0.0311
714		强音		1		0.0311
715		抢险		1		0.0311
716		清河		1		0.0311
717		情报		1		0.0311
718		情怀		1		0.0311
719		情况		1		0.0311
720		秋季		1		0.0311
721		区		1		0.0311
722		取向		1		0.0311
723		全国代表大会		1		0.0311
724		全力以赴		1		0.0311
725		全年		1		0.0311
726		全胜		1		0.0311
727		燃眉之急		1		0.0311
728		让		1		0.0311
729		人口		1		0.0311
730		荣获		1		0.0311
731		入汛		1		0.0311
732		润		1		0.0311
733		三		1		0.0311
734		山川		1		0.0311
735		山口		1		0.0311
736		山西		1		0.0311
737		上篇		1		0.0311
738		上线		1		0.0311
739		社会		1		0.0311
740		深化		1		0.0311
741		审计局		1		0.0311
742		生命		1		0.0311
743		生物		1		0.0311
744		省委		1		0.0311
745		省政府		1		0.0311
746		胜利		1		0.0311
747		诗歌		1		0.0311
748		十		1		0.0311
749		十七		1		0.0311
750		十三五		1		0.0311
751		十一		1		0.0311
752		时		1		0.0311
753		时间表		1		0.0311
754		时期		1		0.0311
755		示范		1		0.0311
756		示范点		1		0.0311
757		世界		1		0.0311
758		事		1		0.0311
759		事迹		1		0.0311
760		事业		1		0.0311
761		试点		1		0.0311
762		收		1		0.0311
763		手段		1		0.0311
764		守		1		0.0311
765		首		1		0.0311
766		首届		1		0.0311
767		受		1		0.0311
768		书		1		0.0311
769		署名		1		0.0311
770		数据		1		0.0311
771		数说		1		0.0311
772		水工		1		0.0311
773		水解		1		0.0311
774		水量		1		0.0311
775		水平		1		0.0311
776		水情		1		0.0311
777		水生		1		0.0311
778		水文站		1		0.0311
779		顺应		1		0.0311
780		说		1		0.0311
781		四季		1		0.0311
782		松懈		1		0.0311
783		送去		1		0.0311
784		谈心		1		0.0311
785		滔滔		1		0.0311
786		特别		1		0.0311
787		腾飞		1		0.0311
788		提出		1		0.0311
789		提供		1		0.0311
790		提醒		1		0.0311
791		天堑		1		0.0311
792		挑战		1		0.0311
793		调整		1		0.0311
794		铁肩		1		0.0311
795		厅		1		0.0311
796		通道		1		0.0311
797		通告		1		0.0311
798		通过		1		0.0311
799		通行		1		0.0311
800		通途		1		0.0311
801		通信		1		0.0311
802		通讯员		1		0.0311
803		同		1		0.0311
804		同志		1		0.0311
805		投资		1		0.0311
806		突破		1		0.0311
807		图		1		0.0311
808		推		1		0.0311
809		推行		1		0.0311
810		外		1		0.0311
811		王		1		0.0311
812		王健		1		0.0311
813		王民		1		0.0311
814		王新波		1		0.0311
815		王宗文		1		0.0311
816		网		1		0.0311
817		网信		1		0.0311
818		望		1		0.0311
819		维护		1		0.0311
820		伟庄		1		0.0311
821		尾		1		0.0311
822		委以		1		0.0311
823		未来		1		0.0311
824		渭河		1		0.0311
825		慰问		1		0.0311
826		文化		1		0.0311
827		文学		1		0.0311
828		文章		1		0.0311
829		稳		1		0.0311
830		问		1		0.0311
831		我国		1		0.0311
832		五大		1		0.0311
833		五一		1		0.0311
834		下篇		1		0.0311
835		县		1		0.0311
836		现		1		0.0311
837		限		1		0.0311
838		线上		1		0.0311
839		线索		1		0.0311
840		线下		1		0.0311
841		相关		1		0.0311
842		祥瑞		1		0.0311
843		向全		1		0.0311
844		项		1		0.0311
845		小		1		0.0311
846		泄		1		0.0311
847		泄洪		1		0.0311
848		新篇		1		0.0311
849		新区		1		0.0311
850		新闻		1		0.0311
851		新乡		1		0.0311
852		新增		1		0.0311
853		形式主义		1		0.0311
854		雄		1		0.0311
855		修复		1		0.0311
856		秀美		1		0.0311
857		宣传		1		0.0311
858		宣讲		1		0.0311
859		宣言		1		0.0311
860		绚丽		1		0.0311
861		巡察		1		0.0311
862		巡回		1		0.0311
863		汛前		1		0.0311
864		沿		1		0.0311
865		研发		1		0.0311
866		研讨班		1		0.0311
867		演讲		1		0.0311
868		验收		1		0.0311
869		要		1		0.0311
870		一个		1		0.0311
871		一鼓作气		1		0.0311
872		一湾		1		0.0311
873		医务		1		0.0311
874		医院		1		0.0311
875		已		1		0.0311
876		以		1		0.0311
877		以来		1		0.0311
878		以下		1		0.0311
879		亿		1		0.0311
880		疫		1		0.0311
881		意义		1		0.0311
882		银山		1		0.0311
883		引领		1		0.0311
884		饮水		1		0.0311
885		赢		1		0.0311
886		用于		1		0.0311
887		优先		1		0.0311
888		游春		1		0.0311
889		有关		1		0.0311
890		有序		1		0.0311
891		于		1		0.0311
892		余万		1		0.0311
893		余元君		1		0.0311
894		鱼苗		1		0.0311
895		渔		1		0.0311
896		雨水		1		0.0311
897		预		1		0.0311
898		预案		1		0.0311
899		预报		1		0.0311
900		预测		1		0.0311
901		元旦		1		0.0311
902		袁崇仁		1		0.0311
903		圆满		1		0.0311
904		约束		1		0.0311
905		约谈		1		0.0311
906		月		1		0.0311
907		运筹		1		0.0311
908		运行		1		0.0311
909		运用		1		0.0311
910		郓城		1		0.0311
911		载		1		0.0311
912		再次		1		0.0311
913		造福		1		0.0311
914		责任		1		0.0311
915		责任制		1		0.0311
916		闸门		1		0.0311
917		摘编		1		0.0311
918		展		1		0.0311
919		展现		1		0.0311
920		占地		1		0.0311
921		这		1		0.0311
922		争		1		0.0311
923		征程		1		0.0311
924		整治		1		0.0311
925		正		1		0.0311
926		正气		1		0.0311
927		政		1		0.0311
928		政策		1		0.0311
929		政府		1		0.0311
930		政纪		1		0.0311
931		之际		1		0.0311
932		支持		1		0.0311
933		知识		1		0.0311
934		知识竞赛		1		0.0311
935		执法		1		0.0311
936		执行		1		0.0311
937		直面		1		0.0311
938		直属		1		0.0311
939		职		1		0.0311
940		指		1		0.0311
941		指导		1		0.0311
942		指挥部		1		0.0311
943		指示		1		0.0311
944		志愿		1		0.0311
945		制造业		1		0.0311
946		治		1		0.0311
947		治党		1		0.0311
948		中期		1		0.0311
949		中秋节		1		0.0311
950		中下游		1		0.0311
951		重视		1		0.0311
952		周刊		1		0.0311
953		主		1		0.0311
954		主席		1		0.0311
955		主线		1		0.0311
956		主要		1		0.0311
957		筑		1		0.0311
958		专访		1		0.0311
959		专业		1		0.0311
960		转变		1		0.0311
961		转入		1		0.0311
962		追赶		1		0.0311
963		资金		1		0.0311
964		综		1		0.0311
965		综合治理		1		0.0311
966		总结		1		0.0311
967		奏响		1		0.0311
968		组织		1		0.0311
969		最		1		0.0311
970		最好		1		0.0311
971		作用		1		0.0311
972		做		1		0.0311
